普通快速排序 1 1 499 1737  23
随机快排测试 1 1 499 1910  23
归并排序测试 1 1 499 10805  23
归并非递归排序测试 1 1 499 1915
普通快速排序 1 2 496 339  22
随机快排测试 1 2 496 374  22
归并排序测试 1 2 496 12800  22
归并非递归排序测试 1 2 496 426
普通快速排序 1 3 503 206  21
随机快排测试 1 3 503 321  21
归并排序测试 1 3 503 11865  21
归并非递归排序测试 1 3 503 444
普通快速排序 1 4 489 199  25
随机快排测试 1 4 489 698  25
归并排序测试 1 4 489 14394  25
归并非递归排序测试 1 4 489 606
普通快速排序 1 5 498 158  22
随机快排测试 1 5 498 243  22
归并排序测试 1 5 498 9156  22
归并非递归排序测试 1 5 498 485
普通快速排序 2 1 1258 433  25
随机快排测试 2 1 1258 15508  25
归并排序测试 2 1 1258 37220  25
归并非递归排序测试 2 1 1258 1131
普通快速排序 2 2 1247 549  25
随机快排测试 2 2 1247 957  25
归并排序测试 2 2 1247 20089  25
归并非递归排序测试 2 2 1247 1091
普通快速排序 2 3 1264 10291  27
随机快排测试 2 3 1264 1631  27
归并排序测试 2 3 1264 64994  27
归并非递归排序测试 2 3 1264 1116
普通快速排序 2 4 1237 543  27
随机快排测试 2 4 1237 607  27
归并排序测试 2 4 1237 31348  27
归并非递归排序测试 2 4 1237 1576
普通快速排序 2 5 1231 606  31
随机快排测试 2 5 1231 670  31
归并排序测试 2 5 1231 27556  31
归并非递归排序测试 2 5 1231 1372
普通快速排序 3 1 2501 1158  29
随机快排测试 3 1 2501 1596  29
归并排序测试 3 1 2501 84793  29
归并非递归排序测试 3 1 2501 1633
普通快速排序 3 2 2498 1141  30
随机快排测试 3 2 2498 2005  30
归并排序测试 3 2 2498 90929  30
归并非递归排序测试 3 2 2498 1584
普通快速排序 3 3 2482 1013  30
随机快排测试 3 3 2482 1175  30
归并排序测试 3 3 2482 93964  30
归并非递归排序测试 3 3 2482 3185
普通快速排序 3 4 2507 1089  28
随机快排测试 3 4 2507 1226  28
归并排序测试 3 4 2507 110103  28
归并非递归排序测试 3 4 2507 1622
普通快速排序 3 5 2504 3539  26
随机快排测试 3 5 2504 1860  26
归并排序测试 3 5 2504 58745  26
归并非递归排序测试 3 5 2504 1903
普通快速排序 4 1 3740 2845  31
随机快排测试 4 1 3740 3143  31
归并排序测试 4 1 3740 136435  31
归并非递归排序测试 4 1 3740 3105
普通快速排序 4 2 3752 1440  33
随机快排测试 4 2 3752 1564  33
归并排序测试 4 2 3752 85791  33
归并非递归排序测试 4 2 3752 2097
普通快速排序 4 3 3737 1523  30
随机快排测试 4 3 3737 1296  30
归并排序测试 4 3 3737 80189  30
归并非递归排序测试 4 3 3737 1451
普通快速排序 4 4 3747 2221  31
随机快排测试 4 4 3747 2443  31
归并排序测试 4 4 3747 103750  31
归并非递归排序测试 4 4 3747 3046
普通快速排序 4 5 3743 1475  31
随机快排测试 4 5 3743 2063  31
归并排序测试 4 5 3743 85365  31
归并非递归排序测试 4 5 3743 1836
普通快速排序 5 1 4979 3384  35
随机快排测试 5 1 4979 3839  35
归并排序测试 5 1 4979 208215  35
归并非递归排序测试 5 1 4979 4127
普通快速排序 5 2 4955 3486  35
随机快排测试 5 2 4955 3895  35
归并排序测试 5 2 4955 213022  35
归并非递归排序测试 5 2 4955 3874
普通快速排序 5 3 5012 3667  31
随机快排测试 5 3 5012 3860  31
归并排序测试 5 3 5012 205145  31
归并非递归排序测试 5 3 5012 5223
普通快速排序 5 4 5013 3444  30
随机快排测试 5 4 5013 3986  30
归并排序测试 5 4 5013 208727  30
归并非递归排序测试 5 4 5013 5305
普通快速排序 5 5 5006 2475  33
随机快排测试 5 5 5006 2694  33
归并排序测试 5 5 5006 186990  33
归并非递归排序测试 5 5 5006 4212
普通快速排序 6 1 7525 5250  33
随机快排测试 6 1 7525 5934  33
归并排序测试 6 1 7525 521401  33
归并非递归排序测试 6 1 7525 6088
普通快速排序 6 2 7510 4694  33
随机快排测试 6 2 7510 5223  33
归并排序测试 6 2 7510 399169  33
归并非递归排序测试 6 2 7510 3676
普通快速排序 6 3 7528 5235  33
随机快排测试 6 3 7528 6148  33
归并排序测试 6 3 7528 497091  33
归并非递归排序测试 6 3 7528 3883
普通快速排序 6 4 7532 5575  33
随机快排测试 6 4 7532 6410  33
归并排序测试 6 4 7532 479796  33
归并非递归排序测试 6 4 7532 4733
普通快速排序 6 5 7475 4020  33
随机快排测试 6 5 7475 4759  33
归并排序测试 6 5 7475 444468  33
归并非递归排序测试 6 5 7475 5810
